63
7
50.0

2.5 2.0 2.0 2.0 2.0 2.0 3.0 

-1.5 -1.5 -0.5 1.5 -1.5 -1.5 -1.5 -1.5 -1.5 -1.5 1.5 -1.5 -1.5 -1.5 -1.5 -1.5 -0.5 0.5 -0.5 -1.5 -1.5 -1.5 -1.5 1.5 -1.5 1.5 -1.5 -1.5 -1.5 -0.5 0.5 -1.5 0.5 -0.5 -1.5 -1.5 1.5 0.5 0.5 0.5 1.5 -1.5 -0.5 0.5 -0.5 -0.5 -0.5 0.5 -0.5 -0.5 0.5 -1.5 -1.5 -1.5 0.5 -0.5 0.5 1.5 -0.5 -1.5 -0.5 1.5 0.5 

A

1.0 1.0 1.0 1.0 1.0 2.0 -2.0 0.0 0.0 -1.0 -1.0 -1.0 -2.0 2.0 0.0 0.0 -1.0 -1.0 -2.0 -1.0 2.0 0.0 0.0 0.0 0.0 0.0 1.0 0.0 0.0 1.0 1.0 1.0 0.0 1.0 0.0 0.0 0.0 -1.0 -1.0 -1.0 -1.0 2.0 0.0 0.0 -1.0 -1.0 -1.0 -1.0 2.0 0.0 0.0 -1.0 -1.0 -1.0 -2.0 2.0 1.0 1.0 1.0 1.0 1.0 2.0 -2.0 

B

-1.0 -1.0 1.0 1.0 1.0 0.0 0.0 -1.0 1.0 -1.0 -1.0 -1.0 0.0 0.0 1.0 -1.0 -1.0 -1.0 -1.0 -1.0 0.0 1.0 -1.0 -1.0 -1.0 -1.0 -1.0 -1.0 1.0 -1.0 -1.0 -1.0 -1.0 -1.0 -1.0 1.0 -1.0 -1.0 -1.0 -1.0 -1.0 -1.0 1.0 -1.0 -1.0 -1.0 -1.0 -1.0 0.0 -1.0 1.0 -1.0 -1.0 -1.0 0.0 0.0 -1.0 -1.0 1.0 1.0 1.0 0.0 -1.0 

C

1.0 1.0 1.0 1.0 1.0 -1.0 -1.0 0.0 0.0 -1.0 -1.0 -1.0 1.0 -1.0 0.0 0.0 -1.0 -1.0 -1.0 -1.0 1.0 0.0 0.0 -1.0 -1.0 -1.0 -1.0 1.0 0.0 0.0 -1.0 -1.0 -1.0 -1.0 1.0 0.0 0.0 -1.0 -1.0 -1.0 -1.0 1.0 0.0 0.0 -1.0 -1.0 -1.0 -1.0 1.0 0.0 0.0 -1.0 -1.0 -1.0 1.0 -1.0 1.0 1.0 1.0 1.0 1.0 -1.0 -1.0 

D

1.0 1.0 1.0 2.0 2.0 1.0 2.0 0.0 0.0 -1.0 -1.0 -2.0 -1.0 1.0 0.0 0.0 -1.0 -2.0 0.0 -1.0 -2.0 0.0 0.0 -1.0 2.0 0.0 -1.0 -2.0 0.0 1.0 0.0 1.0 0.0 -2.0 -1.0 0.0 0.0 -1.0 0.0 -1.0 -1.0 -2.0 0.0 0.0 -1.0 -1.0 -2.0 -1.0 -2.0 0.0 0.0 -1.0 -1.0 -1.0 -2.0 1.0 1.0 1.0 1.0 2.0 2.0 1.0 2.0 

E

-1.0 -1.0 -1.0 0.0 0.0 1.0 0.0 -1.0 -1.0 -1.0 -1.0 -1.0 1.0 -1.0 -1.0 -1.0 -1.0 -1.0 -1.0 1.0 -1.0 -1.0 -1.0 -1.0 -1.0 -1.0 1.0 -1.0 -1.0 -1.0 -1.0 -1.0 -1.0 1.0 -1.0 -1.0 -1.0 -1.0 -1.0 -1.0 1.0 -1.0 -1.0 1.0 -1.0 -1.0 -1.0 1.0 -1.0 -1.0 1.0 -1.0 -1.0 -1.0 1.0 -1.0 -1.0 -1.0 1.0 1.0 1.0 -1.0 -1.0 

J

2.0 0.0 0.0 -2.0 -2.0 2.0 0.0 0.0 0.0 -2.0 -2.0 1.0 -1.0 -2.0 0.0 0.0 -2.0 1.0 -1.0 -2.0 -2.0 0.0 0.0 1.0 -1.0 -2.0 -2.0 -2.0 0.0 2.0 0.0 -2.0 -2.0 -2.0 -2.0 0.0 0.0 0.0 0.0 -2.0 -2.0 -2.0 0.0 0.0 -2.0 0.0 0.0 -2.0 -2.0 0.0 0.0 -2.0 -2.0 0.0 0.0 -2.0 2.0 0.0 0.0 -2.0 -2.0 2.0 0.0 

K

